AQI EXPLORATORY DATA ANALYSIS REPORT
Feature Group: aqi_features
Version: 1

============================================================
DATASET INFORMATION
============================================================
Rows: 103104
Columns: 26

Column Names:
- city
- time
- hour
- day
- month
- weekday
- temperature_2m
- relative_humidity_2m
- pressure_msl
- wind_speed_10m
- precipitation
- cloud_cover
- visibility
- european_aqi
- pm2_5
- pm10
- carbon_monoxide
- nitrogen_dioxide
- sulphur_dioxide
- ozone
- aqi_change_rate
- temperature_change
- humidity_change
- target_24h
- target_48h
- target_72h

============================================================
DATA TYPES
============================================================
city                            object
time                    datetime64[ns]
hour                             int64
day                              int64
month                            int64
weekday                         object
temperature_2m                 float64
relative_humidity_2m             int64
pressure_msl                   float64
wind_speed_10m                 float64
precipitation                  float64
cloud_cover                      int64
visibility                      object
european_aqi                     int64
pm2_5                          float64
pm10                           float64
carbon_monoxide                float64
nitrogen_dioxide               float64
sulphur_dioxide                float64
ozone                          float64
aqi_change_rate                float64
temperature_change             float64
humidity_change                float64
target_24h                     float64
target_48h                     float64
target_72h                     float64

============================================================
DESCRIPTIVE STATISTICS
============================================================
              city                 time          hour            day          month weekday  temperature_2m  relative_humidity_2m   pressure_msl  wind_speed_10m  precipitation    cloud_cover visibility   european_aqi          pm2_5           pm10  carbon_monoxide  nitrogen_dioxide  sulphur_dioxide          ozone  aqi_change_rate  temperature_change  humidity_change     target_24h     target_48h     target_72h
count       103104               103104  103104.00000  103104.000000  103104.000000  103104   103104.000000         103104.000000  103104.000000   103104.000000  103104.000000  103104.000000          0  103104.000000  103104.000000  103104.000000    103104.000000     103104.000000    103104.000000  103104.000000    103032.000000       103032.000000    103032.000000  103104.000000  103104.000000  103104.000000
unique          12                  NaN           NaN            NaN            NaN       7             NaN                   NaN            NaN             NaN            NaN            NaN          0            NaN            NaN            NaN              NaN               NaN              NaN            NaN              NaN                 NaN              NaN            NaN            NaN            NaN
top     Faisalabad                  NaN           NaN            NaN            NaN  Monday             NaN                   NaN            NaN             NaN            NaN            NaN        NaN            NaN            NaN            NaN              NaN               NaN              NaN            NaN              NaN                 NaN              NaN            NaN            NaN            NaN
freq          8592                  NaN           NaN            NaN            NaN   14976             NaN                   NaN            NaN             NaN            NaN            NaN        NaN            NaN            NaN            NaN              NaN               NaN              NaN            NaN              NaN                 NaN              NaN            NaN            NaN            NaN
mean           NaN  2026-02-26 23:30:00      11.50000      15.480447       6.497207     NaN       23.852302             58.522007    1009.383593        7.063732       0.055624      28.958624        NaN      83.438509      51.600943      75.964554       847.655057         26.157257        11.519010      81.844099         0.001796            0.000816        -0.002009      83.481620      83.547758      83.624370
min            NaN  2025-09-01 00:00:00       0.00000       1.000000       1.000000     NaN       -8.000000              3.000000     990.600000        0.000000       0.000000       0.000000        NaN      17.000000       0.400000       0.500000        74.000000          0.000000         0.000000       0.000000       -25.000000          -10.200000       -53.000000      17.000000      17.000000      17.000000
25%            NaN  2025-11-29 11:45:00       5.75000       8.000000       3.000000     NaN       17.400000             41.000000    1003.000000        3.500000       0.000000       0.000000        NaN      65.000000      24.400000      38.100000       331.000000          6.000000         5.700000      42.000000        -1.000000           -0.700000        -3.000000      65.000000      65.000000      65.000000
50%            NaN  2026-02-26 23:30:00      11.50000      15.000000       6.000000     NaN       25.100000             60.000000    1009.400000        6.100000       0.000000       4.000000        NaN      75.000000      38.300000      58.600000       569.000000         16.500000         9.200000      73.000000         0.000000           -0.200000         0.000000      75.000000      75.000000      76.000000
75%            NaN  2026-05-27 11:15:00      17.25000      23.000000      10.000000     NaN       30.300000             77.000000    1015.700000        9.700000       0.000000      59.000000        NaN      93.000000      62.200000      92.900000      1062.000000         37.000000        14.700000     118.000000         1.000000            0.700000         3.000000      93.000000      93.000000      93.000000
max            NaN  2026-08-24 23:00:00      23.00000      31.000000      12.000000     NaN       49.100000            100.000000    1030.500000       38.400000      23.400000     100.000000        NaN     277.000000     486.200000     804.700000      8602.000000        185.100000        75.100000     293.000000        25.000000           10.800000        46.000000     277.000000     277.000000     277.000000
std            NaN                  NaN       6.92222       8.706516       3.475187     NaN        8.671081             22.611373       7.447682        4.717351       0.466143      38.757909        NaN      32.338618      43.790865      60.918102       800.412318         27.263046         8.635017      51.853782         1.716175            1.266929         5.337851      32.328126      32.290669      32.254208

============================================================
TIME COVERAGE
============================================================
Earliest timestamp: 2025-09-01 00:00:00
Latest timestamp:   2026-08-24 23:00:00
Total unique timestamps: 8592
Total cities: 12

============================================================
RECORDS PER CITY
============================================================
city
Faisalabad    8592
Gujranwala    8592
Hyderabad     8592
Islamabad     8592
Karachi       8592
Lahore        8592
Multan        8592
Peshawar      8592
Quetta        8592
Rawalpindi    8592
Sialkot       8592
Sukkur        8592

============================================================
MISSING VALUE ANALYSIS
============================================================
visibility            103104
aqi_change_rate           72
temperature_change        72
humidity_change           72

Missing percentage:
visibility            100.00
aqi_change_rate         0.07
temperature_change      0.07
humidity_change         0.07
============================================================
EUROPEAN AQI STATISTICS
============================================================
count    103104.000000
mean         83.438509
std          32.338618
min          17.000000
25%          65.000000
50%          75.000000
75%          93.000000
max         277.000000

============================================================
AQI STATISTICS BY CITY
============================================================
            count        mean  median  min  max        std
city                                                      
Faisalabad   8592  110.460428    93.0   38  277  44.159696
Multan       8592  101.696462    91.0   34  249  37.723560
Lahore       8592   99.809707    89.0   33  252  37.056070
Gujranwala   8592   95.773161    87.0   33  236  33.668308
Sialkot      8592   94.055633    86.0   33  243  31.707595
Sukkur       8592   84.987081    84.0   22  151  21.532102
Quetta       8592   75.741155    70.0   21  220  34.866782
Peshawar     8592   71.794227    71.0   27  115  12.622932
Islamabad    8592   70.831937    70.0   28  118  14.206909
Rawalpindi   8592   70.831937    70.0   28  118  14.206909
Karachi      8592   62.874302    64.0   18  129  14.357323
Hyderabad    8592   62.406075    64.0   17  128  15.491183

============================================================
AQI BY HOUR OF DAY
============================================================
      count       mean  median  min  max        std
hour                                               
0      4296  82.829376    75.0   19  267  32.733808
1      4296  82.802840    76.0   18  264  32.726318
2      4296  82.807263    75.5   18  261  32.719425
3      4296  82.781192    75.0   17  258  32.734357
4      4296  82.777467    76.0   17  255  32.754419
5      4296  82.761406    75.0   17  254  32.829160
6      4296  82.738827    75.0   17  252  32.897842
7      4296  82.753259    75.0   18  254  32.939209
8      4296  82.834032    75.0   18  257  32.930168
9      4296  83.045391    75.0   18  262  32.738041
10     4296  83.581704    75.0   21  267  32.227290
11     4296  84.302840    75.0   22  271  31.608737
12     4296  84.707402    76.0   23  275  31.267211
13     4296  84.867318    75.0   24  276  31.112019
14     4296  84.873371    75.0   24  277  31.114102
15     4296  84.770019    75.0   24  277  31.184146
16     4296  84.567970    75.0   24  277  31.387266
17     4296  84.208101    75.0   23  277  31.711718
18     4296  83.569832    75.0   21  276  32.293031
19     4296  83.069367    75.0   18  276  32.798511
20     4296  83.015130    75.0   18  275  32.823818
21     4296  82.986034    75.0   18  274  32.795919
22     4296  82.942039    75.0   18  272  32.763955
23     4296  82.932030    75.5   18  270  32.726133

============================================================
CORRELATION MATRIX
============================================================
                              hour           day         month  temperature_2m  relative_humidity_2m  pressure_msl  wind_speed_10m  precipitation  cloud_cover  european_aqi     pm2_5      pm10  carbon_monoxide  nitrogen_dioxide  sulphur_dioxide     ozone  aqi_change_rate  temperature_change  humidity_change  target_24h  target_48h  target_72h
hour                  1.000000e+00 -2.716866e-16 -4.638088e-15        0.215371             -0.286858     -0.043253        0.070105      -0.040842    -0.018798      0.008096 -0.033127  0.002526         0.097526          0.085747         0.132022  0.244076        -0.044431           -0.208112         0.184384    0.008114    0.008317    0.008284
day                  -2.716866e-16  1.000000e+00  2.289963e-04        0.018269             -0.040417     -0.020958        0.017350      -0.008191     0.028015     -0.011367 -0.002805 -0.025488         0.016081          0.024233         0.040028 -0.022948         0.001884            0.000468         0.001304   -0.006523    0.008453    0.011489
month                -4.638088e-15  2.289963e-04  1.000000e+00        0.087712             -0.001688     -0.051180       -0.090375      -0.002347    -0.139353      0.020979  0.052527 -0.048175         0.099473          0.099491         0.162102 -0.032771         0.006485           -0.003173         0.001628    0.027981    0.036335    0.044797
temperature_2m        2.153714e-01  1.826889e-02  8.771173e-02        1.000000             -0.460777     -0.814168        0.381019      -0.017909    -0.119635     -0.238449 -0.370499 -0.078980        -0.463854         -0.371276        -0.278991  0.513111         0.009004            0.073249        -0.064608   -0.231169   -0.226070   -0.226460
relative_humidity_2m -2.868584e-01 -4.041739e-02 -1.687936e-03       -0.460777              1.000000      0.120470       -0.105034       0.143420     0.217934      0.131642  0.354428  0.073453         0.322320          0.330613         0.188307 -0.536592         0.005073           -0.093101         0.117695    0.125672    0.114098    0.108614
pressure_msl         -4.325313e-02 -2.095802e-02 -5.117967e-02       -0.814168              0.120470      1.000000       -0.364592      -0.052752     0.031670      0.267262  0.301747  0.027063         0.417132          0.241948         0.397187 -0.214325         0.020678            0.093886        -0.077141    0.261443    0.256054    0.257528
wind_speed_10m        7.010520e-02  1.735024e-02 -9.037538e-02        0.381019             -0.105034     -0.364592        1.000000       0.076451     0.083897     -0.235030 -0.294104 -0.067675        -0.427849         -0.364360        -0.274871  0.123389        -0.045494           -0.089526         0.062975   -0.243100   -0.216088   -0.216013
precipitation        -4.084187e-02 -8.190663e-03 -2.347206e-03       -0.017909              0.143420     -0.052752        0.076451       1.000000     0.168014     -0.041445 -0.044467 -0.037763        -0.047842         -0.036384        -0.050725  0.011275        -0.018231           -0.070407         0.079296   -0.057957   -0.049615   -0.047161
cloud_cover          -1.879791e-02  2.801509e-02 -1.393528e-01       -0.119635              0.217934      0.031670        0.083897       0.168014     1.000000      0.009606  0.024353 -0.000798         0.019362         -0.041120         0.009379 -0.031009        -0.010813           -0.029294         0.030532    0.008904    0.010238   -0.018251
european_aqi          8.096230e-03 -1.136729e-02  2.097914e-02       -0.238449              0.131642      0.267262       -0.235030      -0.041445     0.009606      1.000000  0.762471  0.641947         0.430845          0.227157         0.519723  0.001968         0.026425            0.003529        -0.005935    0.854320    0.760691    0.722753
pm2_5                -3.312728e-02 -2.805484e-03  5.252715e-02       -0.370499              0.354428      0.301747       -0.294104      -0.044467     0.024353      0.762471  1.000000  0.694954         0.639348          0.547562         0.641337 -0.340450         0.150087           -0.071433         0.058844    0.769446    0.669619    0.632571
pm10                  2.526150e-03 -2.548771e-02 -4.817501e-02       -0.078980              0.073453      0.027063       -0.067675      -0.037763    -0.000798      0.641947  0.694954  1.000000         0.257574          0.204482         0.275567 -0.119797         0.237878           -0.042834         0.030489    0.655553    0.503997    0.451370
carbon_monoxide       9.752551e-02  1.608066e-02  9.947276e-02       -0.463854              0.322320      0.417132       -0.427849      -0.047842     0.019362      0.430845  0.639348  0.257574         1.000000          0.724007         0.624178 -0.401140         0.047190           -0.070975         0.068082    0.443481    0.407902    0.396802
nitrogen_dioxide      8.574696e-02  2.423347e-02  9.949080e-02       -0.371276              0.330613      0.241948       -0.364360      -0.036384    -0.041120      0.227157  0.547562  0.204482         0.724007          1.000000         0.512658 -0.646191         0.060245           -0.261468         0.217917    0.243114    0.209828    0.204581
sulphur_dioxide       1.320223e-01  4.002761e-02  1.621016e-01       -0.278991              0.188307      0.397187       -0.274871      -0.050725     0.009379      0.519723  0.641337  0.275567         0.624178          0.512658         1.000000 -0.049290         0.094171           -0.002807         0.010243    0.527975    0.467762    0.453203
ozone                 2.440761e-01 -2.294804e-02 -3.277072e-02        0.513111             -0.536592     -0.214325        0.123389       0.011275    -0.031009      0.001968 -0.340450 -0.119797        -0.401140         -0.646191        -0.049290  1.000000        -0.005010            0.233401        -0.197309   -0.011239   -0.011926   -0.012207
aqi_change_rate      -4.443080e-02  1.884428e-03  6.485158e-03        0.009004              0.005073      0.020678       -0.045494      -0.018231    -0.010813      0.026425  0.150087  0.237878         0.047190          0.060245         0.094171 -0.005010         1.000000            0.126016        -0.094076    0.122596    0.046196    0.028839
temperature_change   -2.081123e-01  4.677322e-04 -3.173113e-03        0.073249             -0.093101      0.093886       -0.089526      -0.070407    -0.029294      0.003529 -0.071433 -0.042834        -0.070975         -0.261468        -0.002807  0.233401         0.126016            1.000000        -0.836700    0.001222    0.003040    0.004641
humidity_change       1.843841e-01  1.304313e-03  1.627700e-03       -0.064608              0.117695     -0.077141        0.062975       0.079296     0.030532     -0.005935  0.058844  0.030489         0.068082          0.217917         0.010243 -0.197309        -0.094076           -0.836700         1.000000    0.000269   -0.000788   -0.002052
target_24h            8.114135e-03 -6.522917e-03  2.798097e-02       -0.231169              0.125672      0.261443       -0.243100      -0.057957     0.008904      0.854320  0.769446  0.655553         0.443481          0.243114         0.527975 -0.011239         0.122596            0.001222         0.000269    1.000000    0.854392    0.760677
target_48h            8.317096e-03  8.453141e-03  3.633452e-02       -0.226070              0.114098      0.256054       -0.216088      -0.049615     0.010238      0.760691  0.669619  0.503997         0.407902          0.209828         0.467762 -0.011926         0.046196            0.003040        -0.000788    0.854392    1.000000    0.854341
target_72h            8.283948e-03  1.148913e-02  4.479678e-02       -0.226460              0.108614      0.257528       -0.216013      -0.047161    -0.018251      0.722753  0.632571  0.451370         0.396802          0.204581         0.453203 -0.012207         0.028839            0.004641        -0.002052    0.760677    0.854341    1.000000

============================================================
TARGET STATISTICS
============================================================
          target_24h     target_48h     target_72h
count  103104.000000  103104.000000  103104.000000
mean       83.481620      83.547758      83.624370
std        32.328126      32.290669      32.254208
min        17.000000      17.000000      17.000000
25%        65.000000      65.000000      65.000000
50%        75.000000      75.000000      76.000000
75%        93.000000      93.000000      93.000000
max       277.000000     277.000000     277.000000

============================================================
TARGET CORRELATION
============================================================
            target_24h  target_48h  target_72h
target_24h    1.000000    0.854392    0.760677
target_48h    0.854392    1.000000    0.854341
target_72h    0.760677    0.854341    1.000000

============================================================
NUMERIC FEATURE VARIABILITY
============================================================
                      unique_values         mean         std    min     max
hour                             24    11.500000    6.922220    0.0    23.0
day                              31    15.480447    8.706516    1.0    31.0
month                            12     6.497207    3.475187    1.0    12.0
temperature_2m                  533    23.852302    8.671081   -8.0    49.1
relative_humidity_2m             98    58.522007   22.611373    3.0   100.0
pressure_msl                    392  1009.383593    7.447682  990.6  1030.5
wind_speed_10m                  304     7.063732    4.717351    0.0    38.4
precipitation                   124     0.055624    0.466143    0.0    23.4
cloud_cover                     101    28.958624   38.757909    0.0   100.0
european_aqi                    252    83.438509   32.338618   17.0   277.0
pm2_5                          1212    51.600943   43.790865    0.4   486.2
pm10                           1397    75.964554   60.918102    0.5   804.7
carbon_monoxide                4440   847.655057  800.412318   74.0  8602.0
nitrogen_dioxide               1482    26.157257   27.263046    0.0   185.1
sulphur_dioxide                 642    11.519010    8.635017    0.0    75.1
ozone                           277    81.844099   51.853782    0.0   293.0
aqi_change_rate                  47     0.001796    1.716175  -25.0    25.0
temperature_change              619     0.000816    1.266929  -10.2    10.8
humidity_change                  81    -0.002009    5.337851  -53.0    46.0
target_24h                      252    83.481620   32.328126   17.0   277.0
target_48h                      252    83.547758   32.290669   17.0   277.0
target_72h                      252    83.624370   32.254208   17.0   277.0

============================================================
EDA COMPLETED
============================================================
All EDA results and visualizations have been saved to the eda_results directory.
